X{
0.000000,
0.190000,
0.360000,
0.510000,
0.640000,
0.750000,
0.840000,
0.910000,
0.960000,
0.990000,
1.000000,
0.972000,
0.896000,
0.784000,
0.648000,
0.500000,
0.352000,
0.216000,
0.104000,
0.028000,
0.000000,
0.010000,
0.040000,
0.090000,
0.160000,
0.250000,
0.360000,
0.490000,
0.640000,
0.810000,
}
Y{0.000000,
0.100856,
0.201713,
0.302569,
0.403426,
0.504282,
0.605138,
0.705995,
0.806851,
0.907708,
1.008564,
1.145729,
1.258688,
1.353493,
1.436195,
1.512846,
1.589497,
1.672199,
1.767004,
1.879963,
2.017128,
2.117984,
2.218841,
2.319697,
2.420553,
2.521410,
2.622266,
2.723123,
2.823979,
2.924835,
}
speed{125,
752,
720,
688,
656,
624,
594,
567,
546,
531,
572,
610,
620,
647,
668,
1001,
668,
647,
620,
610,
572,
531,
546,
567,
594,
624,
656,
688,
720,
50,
}